cam0:
  camera_model: pinhole
  intrinsics: [918.40513, 921.09162, 641.19521, 393.29596]
  distortion_model: plumb_bob
  distortion_coeffs: [0.06124, -0.08442, -0.00076, -0.00246, 0.00000]
  resolution: [1280, 720]
  rostopic: /pg_17274483/image_raw
  tagtopic: /detector/tags
  rig_body: rig
